before kernel cal
Done with operations, begin image encoding!
Time Taken for computation: 0.000577927 sec
The image has been generated and is named as JuliaCPU.png
Time Taken for image encoding: 0.577927 milli-sec
0 6 
 1 6 
 2 6 
 0 7 
 3 6 
 1 7 
 4 6 
 5 6 
 6 6 
 2 7 
 7 6 
 3 7 
 8 6 
 4 7 
 9 6 
 10 6 
 11 6 
 5 7 
 12 6 
 13 6 
 14 6 
 6 7 
 15 6 
 7 7 
 8 7 
 9 7 
 10 7 
 11 7 
 12 7 
 13 7 
 14 7 
 15 7 
 0 24 
 1 24 
 0 25 
 2 24 
 3 24 
 4 24 
 5 24 
 1 25 
 6 24 
 7 24 
 2 25 
 8 24 
 9 24 
 10 24 
 3 25 
 11 24 
 12 24 
 4 25 
 13 24 
 14 24 
 15 24 
 5 25 
 6 25 
 7 25 
 8 25 
 9 25 
 10 25 
 11 25 
 12 25 
 13 25 
 14 25 
 15 25 
 0 26 
 0 27 
 1 26 
 1 27 
 2 26 
 2 27 
 3 26 
 4 26 
 5 26 
 3 27 
 6 26 
 7 26 
 8 26 
 9 26 
 4 27 
 10 26 
 11 26 
 5 27 
 12 26 
 13 26 
 14 26 
 15 26 
 6 27 
 7 27 
 8 27 
 9 27 
 10 27 
 11 27 
 12 27 
 13 27 
 14 27 
 15 27 
 0 30 
 0 31 
 1 30 
 1 31 
 2 30 
 2 31 
 3 30 
 4 30 
 3 31 
 5 30 
 4 31 
 6 30 
 7 30 
 5 31 
 8 30 
 6 31 
 9 30 
 7 31 
 10 30 
 8 31 
 11 30 
 12 30 
 9 31 
 13 30 
 10 31 
 14 30 
 15 30 
 11 31 
 12 31 
 13 31 
 14 31 
 15 31 
 0 10 
 0 11 
 1 10 
 1 11 
 2 10 
 2 11 
 3 10 
 4 10 
 3 11 
 5 10 
 4 11 
 6 10 
 7 10 
 8 10 
 5 11 
 9 10 
 10 10 
 11 10 
 12 10 
 13 10 
 14 10 
 15 10 
 6 11 
 7 11 
 8 11 
 9 11 
 10 11 
 11 11 
 12 11 
 13 11 
 14 11 
 15 11 
 0 4 
 1 4 
 2 4 
 0 5 
 3 4 
 1 5 
 4 4 
 2 5 
 5 4 
 6 4 
 3 5 
 7 4 
 4 5 
 8 4 
 9 4 
 10 4 
 11 4 
 12 4 
 13 4 
 14 4 
 15 4 
 5 5 
 6 5 
 7 5 
 8 5 
 9 5 
 10 5 
 11 5 
 12 5 
 13 5 
 14 5 
 15 5 
 0 0 
 0 1 
 1 0 
 1 1 
 2 0 
 3 0 
 2 1 
 4 0 
 3 1 
 5 0 
 6 0 
 7 0 
 8 0 
 4 1 
 9 0 
 10 0 
 11 0 
 12 0 
 13 0 
 14 0 
 15 0 
 5 1 
 6 1 
 7 1 
 8 1 
 9 1 
 10 1 
 11 1 
 12 1 
 13 1 
 14 1 
 15 1 
 0 28 
 0 29 
 1 28 
 1 29 
 2 28 
 2 29 
 3 28 
 3 29 
 4 28 
 4 29 
 5 28 
 5 29 
 6 28 
 6 29 
 7 28 
 7 29 
 8 28 
 9 28 
 10 28 
 8 29 
 11 28 
 12 28 
 9 29 
 13 28 
 10 29 
 14 28 
 15 28 
 11 29 
 12 29 
 13 29 
 14 29 
 15 29 
 0 18 
 0 19 
 1 18 
 2 18 
 1 19 
 3 18 
 4 18 
 2 19 
 5 18 
 6 18 
 7 18 
 8 18 
 9 18 
 10 18 
 3 19 
 11 18 
 12 18 
 13 18 
 14 18 
 15 18 
 4 19 
 5 19 
 6 19 
 7 19 
 8 19 
 9 19 
 10 19 
 11 19 
 12 19 
 13 19 
 14 19 
 15 19 
 0 12 
 0 13 
 1 12 
 2 12 
 3 12 
 4 12 
 1 13 
 5 12 
 6 12 
 2 13 
 7 12 
 8 12 
 3 13 
 9 12 
 10 12 
 4 13 
 11 12 
 12 12 
 13 12 
 14 12 
 15 12 
 5 13 
 6 13 
 7 13 
 8 13 
 9 13 
 10 13 
 11 13 
 12 13 
 13 13 
 14 13 
 15 13 
 0 8 
 1 8 
 0 9 
 2 8 
 3 8 
 4 8 
 5 8 
 1 9 
 6 8 
 7 8 
 8 8 
 9 8 
 10 8 
 11 8 
 12 8 
 13 8 
 14 8 
 15 8 
 2 9 
 3 9 
 4 9 
 5 9 
 6 9 
 7 9 
 8 9 
 9 9 
 10 9 
 11 9 
 12 9 
 13 9 
 14 9 
 15 9 
 0 16 
 1 16 
 2 16 
 0 17 
 3 16 
 1 17 
 4 16 
 5 16 
 2 17 
 6 16 
 7 16 
 3 17 
 8 16 
 4 17 
 9 16 
 10 16 
 5 17 
 11 16 
 12 16 
 6 17 
 13 16 
 14 16 
 15 16 
 7 17 
 8 17 
 9 17 
 10 17 
 11 17 
 12 17 
 13 17 
 14 17 
 15 17 
 0 14 
 1 14 
 0 15 
 2 14 
 3 14 
 4 14 
 5 14 
 6 14 
 7 14 
 1 15 
 8 14 
 9 14 
 10 14 
 11 14 
 12 14 
 13 14 
 14 14 
 15 14 
 2 15 
 3 15 
 4 15 
 5 15 
 6 15 
 7 15 
 8 15 
 9 15 
 10 15 
 11 15 
 12 15 
 13 15 
 14 15 
 15 15 
 0 2 
 0 3 
 1 2 
 2 2 
 3 2 
 4 2 
 5 2 
 1 3 
 6 2 
 7 2 
 8 2 
 9 2 
 10 2 
 11 2 
 12 2 
 13 2 
 14 2 
 15 2 
 2 3 
 3 3 
 4 3 
 5 3 
 6 3 
 7 3 
 8 3 
 9 3 
 10 3 
 11 3 
 12 3 
 13 3 
 14 3 
 15 3 
 0 20 
 1 20 
 0 21 
 2 20 
 3 20 
 4 20 
 1 21 
 5 20 
 6 20 
 7 20 
 2 21 
 8 20 
 3 21 
 9 20 
 10 20 
 11 20 
 12 20 
 13 20 
 14 20 
 15 20 
 4 21 
 5 21 
 6 21 
 7 21 
 8 21 
 9 21 
 10 21 
 11 21 
 12 21 
 13 21 
 14 21 
 15 21 
 0 22 
 1 22 
 2 22 
 0 23 
 3 22 
 1 23 
 4 22 
 5 22 
 2 23 
 6 22 
 3 23 
 7 22 
 4 23 
 8 22 
 9 22 
 5 23 
 10 22 
 11 22 
 12 22 
 13 22 
 14 22 
 15 22 
 6 23 
 7 23 
 8 23 
 9 23 
 10 23 
 11 23 
 12 23 
 13 23 
 14 23 
 15 23 
 