//+++++++++++++++++++++++++++++++++++++++++++++++++++++++++++++++++++++++++
spacing 0.00195312
before kernel cal
112 2040
112 2041
113 2040
114 2040
115 2040
113 2041
116 2040
117 2040
118 2040
119 2040
120 2040
114 2041
121 2040
122 2040
123 2040
115 2041
124 2040
125 2040
126 2040
127 2040
116 2041
117 2041
118 2041
119 2041
120 2041
121 2041
122 2041
123 2041
124 2041
125 2041
126 2041
127 2041
112 2032
112 2033
113 2033
114 2033
113 2032
114 2032
115 2032
116 2032
117 2032
118 2032
115 2033
119 2032
120 2032
116 2033
117 2033
118 2033
119 2033
121 2032
122 2032
123 2032
124 2032
120 2033
125 2032
126 2032
127 2032
121 2033
122 2033
123 2033
124 2033
125 2033
126 2033
127 2033
112 2038
112 2039
113 2038
114 2038
115 2038
113 2039
114 2039
115 2039
116 2038
117 2038
118 2038
119 2038
116 2039
120 2038
121 2038
117 2039
118 2039
122 2038
119 2039
120 2039
121 2039
122 2039
123 2039
123 2038
124 2038
125 2038
124 2039
126 2038
127 2038
125 2039
126 2039
127 2039
112 2034
113 2034
112 2035
114 2034
115 2034
116 2034
113 2035
117 2034
114 2035
115 2035
118 2034
119 2034
120 2034
121 2034
122 2034
116 2035
123 2034
117 2035
124 2034
118 2035
119 2035
120 2035
125 2034
126 2034
127 2034
121 2035
122 2035
123 2035
124 2035
125 2035
126 2035
127 2035
112 2042
113 2042
114 2042
115 2042
116 2042
117 2042
118 2042
112 2043
119 2042
113 2043
120 2042
121 2042
114 2043
122 2042
123 2042
115 2043
124 2042
125 2042
126 2042
127 2042
116 2043
117 2043
118 2043
119 2043
120 2043
121 2043
122 2043
123 2043
124 2043
125 2043
126 2043
127 2043
112 2037
112 2036
113 2037
114 2037
115 2037
116 2037
117 2037
113 2036
114 2036
118 2037
119 2037
115 2036
120 2037
116 2036
117 2036
118 2036
119 2036
121 2037
122 2037
120 2036
121 2036
122 2036
123 2037
123 2036
124 2036
125 2036
126 2036
127 2036
124 2037
125 2037
126 2037
127 2037
112 2046
113 2046
114 2046
115 2046
116 2046
117 2046
118 2046
119 2046
120 2046
121 2046
112 2047
122 2046
113 2047
123 2046
124 2046
114 2047
125 2046
126 2046
127 2046
115 2047
116 2047
117 2047
118 2047
119 2047
120 2047
121 2047
122 2047
123 2047
124 2047
125 2047
126 2047
127 2047
112 2044
113 2044
114 2044
112 2045
115 2044
116 2044
117 2044
118 2044
119 2044
120 2044
121 2044
122 2044
123 2044
113 2045
114 2045
124 2044
125 2044
126 2044
127 2044
115 2045
116 2045
117 2045
118 2045
119 2045
120 2045
121 2045
122 2045
123 2045
124 2045
125 2045
126 2045
127 2045
112 2022
112 2023
113 2022
114 2022
113 2023
114 2023
115 2023
116 2023
115 2022
117 2023
116 2022
118 2023
117 2022
119 2023
118 2022
119 2022
120 2023
121 2023
120 2022
121 2022
122 2022
122 2023
123 2022
124 2022
125 2022
123 2023
126 2022
124 2023
125 2023
126 2023
127 2022
127 2023
112 2028
112 2029
113 2028
114 2028
115 2028
116 2028
113 2029
117 2028
118 2028
119 2028
120 2028
121 2028
114 2029
122 2028
115 2029
116 2029
123 2028
124 2028
117 2029
125 2028
118 2029
119 2029
126 2028
127 2028
120 2029
121 2029
122 2029
123 2029
124 2029
125 2029
126 2029
127 2029
112 2024
112 2025
113 2024
113 2025
114 2024
115 2024
116 2024
117 2024
118 2024
119 2024
114 2025
120 2024
121 2024
122 2024
123 2024
124 2024
125 2024
126 2024
127 2024
115 2025
116 2025
117 2025
118 2025
119 2025
120 2025
121 2025
122 2025
123 2025
124 2025
125 2025
126 2025
127 2025
112 2026
112 2027
113 2026
113 2027
114 2027
114 2026
115 2027
115 2026
116 2027
116 2026
117 2027
117 2026
118 2026
118 2027
119 2026
119 2027
120 2026
121 2026
120 2027
121 2027
122 2026
123 2026
124 2026
122 2027
125 2026
126 2026
127 2026
123 2027
124 2027
125 2027
126 2027
127 2027
112 2018
112 2019
113 2019
113 2018
114 2018
114 2019
115 2018
115 2019
116 2018
116 2019
117 2018
118 2018
119 2018
120 2018
121 2018
117 2019
122 2018
118 2019
123 2018
119 2019
124 2018
125 2018
126 2018
120 2019
127 2018
121 2019
122 2019
123 2019
124 2019
125 2019
126 2019
127 2019
112 2016
112 2017
113 2017
113 2016
114 2017
115 2017
114 2016
116 2017
117 2017
118 2017
119 2017
115 2016
116 2016
117 2016
120 2017
118 2016
119 2016
120 2016
121 2016
121 2017
122 2016
123 2016
122 2017
124 2016
125 2016
126 2016
127 2016
123 2017
124 2017
125 2017
126 2017
127 2017
112 2020
113 2020
112 2021
114 2020
115 2020
116 2020
113 2021
114 2021
117 2020
115 2021
118 2020
116 2021
119 2020
117 2021
118 2021
120 2020
119 2021
121 2020
122 2020
123 2020
124 2020
120 2021
125 2020
126 2020
127 2020
121 2021
122 2021
123 2021
124 2021
125 2021
126 2021
127 2021
112 2031
112 2030
113 2031
113 2030
114 2031
114 2030
115 2030
116 2030
115 2031
117 2030
118 2030
119 2030
120 2030
121 2030
122 2030
123 2030
124 2030
125 2030
126 2030
127 2030
116 2031
117 2031
118 2031
119 2031
120 2031
121 2031
122 2031
123 2031
124 2031
125 2031
126 2031
127 2031
96 2026
96 2027
97 2027
97 2026
98 2026
99 2026
100 2026
101 2026
102 2026
98 2027
103 2026
104 2026
105 2026
106 2026
99 2027
100 2027
107 2026
108 2026
109 2026
110 2026
111 2026
101 2027
102 2027
103 2027
104 2027
105 2027
106 2027
107 2027
108 2027
109 2027
110 2027
111 2027
96 2018
97 2018
96 2019
98 2018
99 2018
100 2018
101 2018
102 2018
97 2019
103 2018
104 2018
105 2018
106 2018
98 2019
107 2018
108 2018
99 2019
109 2018
100 2019
101 2019
110 2018
111 2018
102 2019
103 2019
104 2019
105 2019
106 2019
107 2019
108 2019
109 2019
110 2019
111 2019
96 2029
97 2029
98 2029
96 2028
99 2029
97 2028
98 2028
100 2029
99 2028
100 2028
101 2028
102 2028
103 2028
104 2028
105 2028
106 2028
107 2028
108 2028
101 2029
109 2028
110 2028
111 2028
102 2029
103 2029
104 2029
105 2029
106 2029
107 2029
108 2029
109 2029
110 2029
111 2029
96 2022
97 2022
96 2023
98 2022
97 2023
98 2023
99 2023
99 2022
100 2022
101 2022
102 2022
103 2022
104 2022
105 2022
106 2022
107 2022
100 2023
108 2022
109 2022
110 2022
111 2022
101 2023
102 2023
103 2023
104 2023
105 2023
106 2023
107 2023
108 2023
109 2023
110 2023
111 2023
96 2024
96 2025
97 2024
98 2024
99 2024
100 2024
101 2024
102 2024
97 2025
103 2024
104 2024
105 2024
106 2024
107 2024
108 2024
109 2024
110 2024
111 2024
98 2025
99 2025
100 2025
101 2025
102 2025
103 2025
104 2025
105 2025
106 2025
107 2025
108 2025
109 2025
110 2025
111 2025
96 2030
97 2030
98 2030
96 2031
99 2030
100 2030
101 2030
102 2030
103 2030
104 2030
105 2030
106 2030
97 2031
107 2030
108 2030
98 2031
99 2031
109 2030
100 2031
110 2030
111 2030
101 2031
102 2031
103 2031
104 2031
105 2031
106 2031
107 2031
108 2031
109 2031
110 2031
111 2031
96 2016
97 2016
98 2016
96 2017
99 2016
97 2017
100 2016
98 2017
99 2017
101 2016
100 2017
102 2016
103 2016
101 2017
102 2017
104 2016
105 2016
103 2017
106 2016
107 2016
104 2017
108 2016
105 2017
106 2017
107 2017
109 2016
110 2016
111 2016
108 2017
109 2017
110 2017
111 2017
96 2020
96 2021
97 2021
97 2020
98 2020
99 2020
98 2021
99 2021
100 2020
100 2021
101 2021
102 2021
103 2021
101 2020
104 2021
102 2020
103 2020
104 2020
105 2020
106 2020
105 2021
107 2020
108 2020
106 2021
107 2021
109 2020
108 2021
110 2020
111 2020
109 2021
110 2021
111 2021
96 2044
97 2044
98 2044
99 2044
96 2045
100 2044
97 2045
101 2044
102 2044
103 2044
104 2044
105 2044
106 2044
107 2044
108 2044
109 2044
98 2045
110 2044
111 2044
99 2045
100 2045
101 2045
102 2045
103 2045
104 2045
105 2045
106 2045
107 2045
108 2045
109 2045
110 2045
111 2045
96 2042
96 2043
97 2042
97 2043
98 2042
99 2042
98 2043
100 2042
101 2042
99 2043
102 2042
100 2043
103 2042
104 2042
105 2042
106 2042
107 2042
108 2042
109 2042
110 2042
111 2042
101 2043
102 2043
103 2043
104 2043
105 2043
106 2043
107 2043
108 2043
109 2043
110 2043
111 2043
96 2040
97 2040
98 2040
96 2041
97 2041
98 2041
99 2041
99 2040
100 2040
101 2040
102 2040
100 2041
101 2041
103 2040
104 2040
105 2040
102 2041
106 2040
107 2040
108 2040
103 2041
104 2041
105 2041
106 2041
109 2040
107 2041
108 2041
109 2041
110 2040
111 2040
110 2041
111 2041
96 2036
97 2036
98 2036
96 2037
99 2036
100 2036
101 2036
97 2037
102 2036
103 2036
104 2036
105 2036
98 2037
99 2037
106 2036
100 2037
107 2036
108 2036
109 2036
101 2037
102 2037
110 2036
111 2036
103 2037
104 2037
105 2037
106 2037
107 2037
108 2037
109 2037
110 2037
111 2037
96 2046
96 2047
97 2046
98 2046
97 2047
99 2046
100 2046
98 2047
99 2047
100 2047
101 2047
101 2046
102 2046
103 2046
104 2046
102 2047
105 2046
106 2046
107 2046
108 2046
109 2046
103 2047
110 2046
104 2047
111 2046
105 2047
106 2047
107 2047
108 2047
109 2047
110 2047
111 2047
96 2039
97 2039
98 2039
96 2038
99 2039
100 2039
101 2039
97 2038
98 2038
102 2039
103 2039
99 2038
104 2039
105 2039
100 2038
101 2038
102 2038
106 2039
107 2039
108 2039
109 2039
103 2038
110 2039
111 2039
104 2038
105 2038
106 2038
107 2038
108 2038
109 2038
110 2038
111 2038
96 2032
97 2032
98 2032
96 2033
99 2032
100 2032
97 2033
101 2032
102 2032
103 2032
104 2032
98 2033
99 2033
100 2033
101 2033
102 2033
105 2032
106 2032
103 2033
107 2032
104 2033
108 2032
105 2033
109 2032
110 2032
111 2032
106 2033
107 2033
108 2033
109 2033
110 2033
111 2033
96 2034
96 2035
97 2035
97 2034
98 2034
99 2034
100 2034
101 2034
102 2034
98 2035
103 2034
104 2034
105 2034
106 2034
107 2034
108 2034
109 2034
110 2034
111 2034
99 2035
100 2035
101 2035
102 2035
103 2035
104 2035
105 2035
106 2035
107 2035
108 2035
109 2035
110 2035
111 2035
80 2042
80 2043
81 2042
82 2042
83 2042
84 2042
85 2042
81 2043
86 2042
87 2042
88 2042
89 2042
90 2042
91 2042
82 2043
92 2042
83 2043
93 2042
94 2042
95 2042
84 2043
85 2043
86 2043
87 2043
88 2043
89 2043
90 2043
91 2043
92 2043
93 2043
94 2043
95 2043
80 2044
81 2044
82 2044
83 2044
80 2045
84 2044
85 2044
86 2044
87 2044
88 2044
89 2044
90 2044
91 2044
92 2044
93 2044
94 2044
81 2045
95 2044
82 2045
83 2045
84 2045
85 2045
86 2045
87 2045
88 2045
89 2045
90 2045
91 2045
92 2045
93 2045
94 2045
95 2045
80 2040
80 2041
81 2040
82 2040
83 2040
84 2040
85 2040
81 2041
86 2040
82 2041
87 2040
88 2040
89 2040
90 2040
91 2040
83 2041
92 2040
84 2041
93 2040
94 2040
95 2040
85 2041
86 2041
87 2041
88 2041
89 2041
90 2041
91 2041
92 2041
93 2041
94 2041
95 2041
80 2046
81 2046
82 2046
83 2046
84 2046
85 2046
86 2046
87 2046
80 2047
88 2046
89 2046
90 2046
81 2047
82 2047
83 2047
91 2046
84 2047
92 2046
85 2047
93 2046
94 2046
95 2046
86 2047
87 2047
88 2047
89 2047
90 2047
91 2047
92 2047
93 2047
94 2047
95 2047
80 2034
81 2034
80 2035
82 2034
83 2034
84 2034
85 2034
81 2035
82 2035
86 2034
83 2035
87 2034
88 2034
84 2035
89 2034
85 2035
90 2034
86 2035
87 2035
88 2035
91 2034
92 2034
93 2034
94 2034
95 2034
89 2035
90 2035
91 2035
92 2035
93 2035
94 2035
95 2035
80 2036
80 2037
81 2037
81 2036
82 2036
83 2036
84 2036
85 2036
86 2036
87 2036
88 2036
82 2037
89 2036
90 2036
83 2037
91 2036
84 2037
85 2037
92 2036
86 2037
93 2036
94 2036
95 2036
87 2037
88 2037
89 2037
90 2037
91 2037
92 2037
93 2037
94 2037
95 2037
80 2039
80 2038
81 2038
81 2039
82 2038
83 2038
82 2039
84 2038
85 2038
83 2039
86 2038
87 2038
88 2038
84 2039
89 2038
90 2038
91 2038
92 2038
93 2038
85 2039
94 2038
86 2039
87 2039
95 2038
88 2039
89 2039
90 2039
91 2039
92 2039
93 2039
94 2039
95 2039
80 2032
81 2032
82 2032
80 2033
83 2032
84 2032
85 2032
86 2032
87 2032
81 2033
82 2033
88 2032
89 2032
90 2032
83 2033
91 2032
92 2032
93 2032
94 2032
95 2032
84 2033
85 2033
86 2033
87 2033
88 2033
89 2033
90 2033
91 2033
92 2033
93 2033
94 2033
95 2033
80 2027
80 2026
81 2026
81 2027
82 2026
83 2026
84 2026
85 2026
82 2027
86 2026
83 2027
87 2026
84 2027
88 2026
85 2027
86 2027
89 2026
87 2027
90 2026
88 2027
91 2026
89 2027
92 2026
90 2027
93 2026
94 2026
91 2027
95 2026
92 2027
93 2027
94 2027
95 2027
80 2028
81 2028
82 2028
80 2029
83 2028
84 2028
85 2028
81 2029
86 2028
87 2028
88 2028
89 2028
82 2029
90 2028
91 2028
92 2028
93 2028
94 2028
95 2028
83 2029
84 2029
85 2029
86 2029
87 2029
88 2029
89 2029
90 2029
91 2029
92 2029
93 2029
94 2029
95 2029
80 2030
80 2031
81 2030
82 2030
81 2031
83 2030
84 2030
82 2031
85 2030
86 2030
83 2031
87 2030
88 2030
84 2031
89 2030
90 2030
91 2030
85 2031
92 2030
86 2031
93 2030
94 2030
95 2030
87 2031
88 2031
89 2031
90 2031
91 2031
92 2031
93 2031
94 2031
95 2031
80 2021
80 2020
81 2021
81 2020
82 2020
83 2020
84 2020
85 2020
86 2020
82 2021
83 2021
87 2020
84 2021
88 2020
89 2020
85 2021
90 2020
91 2020
92 2020
93 2020
86 2021
94 2020
95 2020
87 2021
88 2021
89 2021
90 2021
91 2021
92 2021
93 2021
94 2021
95 2021
80 2022
80 2023
81 2022
81 2023
82 2022
83 2022
82 2023
84 2022
83 2023
85 2022
84 2023
85 2023
86 2023
86 2022
87 2022
88 2022
87 2023
89 2022
90 2022
91 2022
88 2023
92 2022
93 2022
94 2022
95 2022
89 2023
90 2023
91 2023
92 2023
93 2023
94 2023
95 2023
80 2024
81 2024
80 2025
82 2024
83 2024
84 2024
85 2024
86 2024
87 2024
81 2025
82 2025
88 2024
83 2025
89 2024
90 2024
91 2024
92 2024
93 2024
94 2024
95 2024
84 2025
85 2025
86 2025
87 2025
88 2025
89 2025
90 2025
91 2025
92 2025
93 2025
94 2025
95 2025
80 2016
81 2016
82 2016
83 2016
80 2017
84 2016
81 2017
85 2016
86 2016
87 2016
88 2016
82 2017
89 2016
83 2017
90 2016
91 2016
84 2017
92 2016
93 2016
94 2016
85 2017
95 2016
86 2017
87 2017
88 2017
89 2017
90 2017
91 2017
92 2017
93 2017
94 2017
95 2017
80 2018
81 2018
82 2018
83 2018
84 2018
85 2018
86 2018
87 2018
88 2018
89 2018
90 2018
80 2019
91 2018
92 2018
81 2019
93 2018
94 2018
95 2018
82 2019
83 2019
84 2019
85 2019
86 2019
87 2019
88 2019
89 2019
90 2019
91 2019
92 2019
93 2019
94 2019
95 2019
64 2026
65 2026
66 2026
64 2027
65 2027
66 2027
67 2027
67 2026
68 2026
68 2027
69 2026
69 2027
70 2026
71 2026
70 2027
72 2026
73 2026
71 2027
74 2026
75 2026
76 2026
77 2026
78 2026
72 2027
79 2026
73 2027
74 2027
75 2027
76 2027
77 2027
78 2027
79 2027
64 2020
65 2020
64 2021
66 2020
65 2021
66 2021
67 2021
68 2021
69 2021
67 2020
68 2020
70 2021
69 2020
70 2020
71 2020
72 2020
73 2020
71 2021
72 2021
74 2020
75 2020
76 2020
73 2021
74 2021
77 2020
75 2021
78 2020
79 2020
76 2021
77 2021
78 2021
79 2021
64 2028
64 2029
65 2028
65 2029
66 2028
67 2028
66 2029
68 2028
69 2028
67 2029
68 2029
70 2028
71 2028
72 2028
73 2028
74 2028
69 2029
75 2028
76 2028
77 2028
70 2029
78 2028
79 2028
71 2029
72 2029
73 2029
74 2029
75 2029
76 2029
77 2029
78 2029
79 2029
64 2022
65 2022
66 2022
64 2023
65 2023
67 2022
68 2022
69 2022
66 2023
70 2022
71 2022
72 2022
73 2022
74 2022
67 2023
75 2022
76 2022
77 2022
68 2023
69 2023
78 2022
79 2022
70 2023
71 2023
72 2023
73 2023
74 2023
75 2023
76 2023
77 2023
78 2023
79 2023
64 2030
65 2030
64 2031
65 2031
66 2031
66 2030
67 2031
67 2030
68 2030
69 2030
70 2030
71 2030
72 2030
68 2031
73 2030
74 2030
69 2031
75 2030
70 2031
76 2030
77 2030
78 2030
79 2030
71 2031
72 2031
73 2031
74 2031
75 2031
76 2031
77 2031
78 2031
79 2031
64 2018
65 2018
64 2019
66 2018
67 2018
68 2018
65 2019
66 2019
69 2018
70 2018
71 2018
72 2018
67 2019
73 2018
74 2018
68 2019
69 2019
75 2018
76 2018
77 2018
78 2018
79 2018
70 2019
71 2019
72 2019
73 2019
74 2019
75 2019
76 2019
77 2019
78 2019
79 2019
64 2024
65 2024
66 2024
67 2024
68 2024
69 2024
70 2024
71 2024
72 2024
73 2024
64 2025
74 2024
75 2024
76 2024
77 2024
65 2025
78 2024
66 2025
79 2024
67 2025
68 2025
69 2025
70 2025
71 2025
72 2025
73 2025
74 2025
75 2025
76 2025
77 2025
78 2025
79 2025
64 2016
65 2016
66 2016
67 2016
64 2017
68 2016
69 2016
70 2016
65 2017
71 2016
72 2016
73 2016
74 2016
75 2016
66 2017
76 2016
77 2016
78 2016
79 2016
67 2017
68 2017
69 2017
70 2017
71 2017
72 2017
73 2017
74 2017
75 2017
76 2017
77 2017
78 2017
79 2017
64 2041
64 2040
65 2041
65 2040
66 2041
66 2040
67 2040
67 2041
68 2040
69 2040
68 2041
70 2040
69 2041
71 2040
72 2040
70 2041
73 2040
74 2040
75 2040
71 2041
76 2040
77 2040
72 2041
78 2040
79 2040
73 2041
74 2041
75 2041
76 2041
77 2041
78 2041
79 2041
64 2042
64 2043
65 2042
66 2042
65 2043
66 2043
67 2042
68 2042
69 2042
67 2043
70 2042
71 2042
68 2043
72 2042
73 2042
69 2043
74 2042
70 2043
75 2042
76 2042
71 2043
72 2043
77 2042
78 2042
79 2042
73 2043
74 2043
75 2043
76 2043
77 2043
78 2043
79 2043
64 2034
64 2035
65 2034
65 2035
66 2034
67 2034
66 2035
68 2034
69 2034
70 2034
71 2034
72 2034
67 2035
73 2034
68 2035
69 2035
74 2034
75 2034
76 2034
77 2034
78 2034
79 2034
70 2035
71 2035
72 2035
73 2035
74 2035
75 2035
76 2035
77 2035
78 2035
79 2035
64 2036
64 2037
65 2037
66 2037
65 2036
66 2036
67 2036
68 2036
69 2036
67 2037
70 2036
71 2036
68 2037
72 2036
69 2037
73 2036
74 2036
70 2037
75 2036
71 2037
76 2036
77 2036
78 2036
72 2037
79 2036
73 2037
74 2037
75 2037
76 2037
77 2037
78 2037
79 2037
64 2046
65 2046
64 2047
66 2046
65 2047
67 2046
68 2046
69 2046
66 2047
70 2046
71 2046
72 2046
73 2046
74 2046
75 2046
76 2046
67 2047
77 2046
78 2046
79 2046
68 2047
69 2047
70 2047
71 2047
72 2047
73 2047
74 2047
75 2047
76 2047
77 2047
78 2047
79 2047
64 2032
65 2032
66 2032
67 2032
68 2032
64 2033
69 2032
65 2033
66 2033
70 2032
71 2032
72 2032
73 2032
67 2033
68 2033
74 2032
75 2032
69 2033
76 2032
77 2032
70 2033
78 2032
79 2032
71 2033
72 2033
73 2033
74 2033
75 2033
76 2033
77 2033
78 2033
79 2033
64 2038
64 2039
65 2038
65 2039
66 2039
66 2038
67 2038
68 2038
67 2039
69 2038
70 2038
71 2038
68 2039
72 2038
69 2039
70 2039
73 2038
74 2038
75 2038
71 2039
76 2038
77 2038
78 2038
72 2039
79 2038
73 2039
74 2039
75 2039
76 2039
77 2039
78 2039
79 2039
64 2044
65 2044
64 2045
66 2044
67 2044
65 2045
68 2044
66 2045
67 2045
69 2044
68 2045
70 2044
69 2045
70 2045
71 2045
71 2044
72 2044
73 2044
74 2044
75 2044
72 2045
76 2044
73 2045
77 2044
78 2044
74 2045
79 2044
75 2045
76 2045
77 2045
78 2045
79 2045
48 2042
49 2042
50 2042
51 2042
52 2042
53 2042
54 2042
48 2043
55 2042
56 2042
57 2042
58 2042
59 2042
60 2042
61 2042
62 2042
49 2043
63 2042
50 2043
51 2043
52 2043
53 2043
54 2043
55 2043
56 2043
57 2043
58 2043
59 2043
60 2043
61 2043
62 2043
63 2043
48 2046
48 2047
49 2046
50 2046
49 2047
51 2046
52 2046
53 2046
54 2046
55 2046
56 2046
50 2047
57 2046
58 2046
51 2047
59 2046
52 2047
53 2047
60 2046
54 2047
61 2046
62 2046
55 2047
63 2046
56 2047
57 2047
58 2047
59 2047
60 2047
61 2047
62 2047
63 2047
48 2044
49 2044
50 2044
48 2045
51 2044
52 2044
53 2044
49 2045
54 2044
50 2045
55 2044
56 2044
57 2044
58 2044
59 2044
60 2044
61 2044
62 2044
63 2044
51 2045
52 2045
53 2045
54 2045
55 2045
56 2045
57 2045
58 2045
59 2045
60 2045
61 2045
62 2045
63 2045
48 2040
49 2040
48 2041
50 2040
51 2040
49 2041
52 2040
53 2040
54 2040
55 2040
56 2040
50 2041
57 2040
58 2040
59 2040
60 2040
61 2040
62 2040
63 2040
51 2041
52 2041
53 2041
54 2041
55 2041
56 2041
57 2041
58 2041
59 2041
60 2041
61 2041
62 2041
63 2041
48 2034
48 2035
49 2035
49 2034
50 2035
50 2034
51 2034
52 2034
53 2034
51 2035
54 2034
55 2034
52 2035
53 2035
56 2034
57 2034
54 2035
58 2034
55 2035
56 2035
59 2034
57 2035
58 2035
60 2034
59 2035
61 2034
62 2034
63 2034
60 2035
61 2035
62 2035
63 2035
48 2038
49 2038
48 2039
50 2038
49 2039
51 2038
50 2039
52 2038
51 2039
52 2039
53 2039
53 2038
54 2038
54 2039
55 2038
55 2039
56 2039
56 2038
57 2038
58 2038
57 2039
58 2039
59 2038
59 2039
60 2039
60 2038
61 2039
61 2038
62 2038
62 2039
63 2038
63 2039
48 2036
49 2036
48 2037
50 2036
51 2036
52 2036
49 2037
53 2036
50 2037
54 2036
55 2036
51 2037
52 2037
53 2037
54 2037
56 2036
57 2036
58 2036
55 2037
59 2036
56 2037
57 2037
60 2036
58 2037
61 2036
62 2036
63 2036
59 2037
60 2037
61 2037
62 2037
63 2037
48 2032
48 2033
49 2032
49 2033
50 2033
50 2032
51 2032
51 2033
52 2032
53 2032
54 2032
55 2032
52 2033
56 2032
57 2032
53 2033
58 2032
54 2033
59 2032
60 2032
61 2032
62 2032
63 2032
55 2033
56 2033
57 2033
58 2033
59 2033
60 2033
61 2033
62 2033
63 2033
48 2026
49 2026
48 2027
50 2026
49 2027
51 2026
50 2027
52 2026
53 2026
54 2026
55 2026
56 2026
51 2027
57 2026
58 2026
59 2026
60 2026
61 2026
52 2027
53 2027
62 2026
63 2026
54 2027
55 2027
56 2027
57 2027
58 2027
59 2027
60 2027
61 2027
62 2027
63 2027
48 2030
49 2030
50 2030
51 2030
48 2031
52 2030
53 2030
54 2030
49 2031
55 2030
56 2030
50 2031
51 2031
57 2030
58 2030
59 2030
60 2030
61 2030
62 2030
52 2031
53 2031
63 2030
54 2031
55 2031
56 2031
57 2031
58 2031
59 2031
60 2031
61 2031
62 2031
63 2031
48 2028
49 2028
50 2028
48 2029
51 2028
49 2029
50 2029
51 2029
52 2028
52 2029
53 2029
53 2028
54 2028
55 2028
56 2028
57 2028
58 2028
54 2029
59 2028
55 2029
60 2028
61 2028
62 2028
63 2028
56 2029
57 2029
58 2029
59 2029
60 2029
61 2029
62 2029
63 2029
48 2024
48 2025
49 2025
50 2025
49 2024
50 2024
51 2024
52 2024
51 2025
53 2024
54 2024
52 2025
55 2024
56 2024
57 2024
58 2024
59 2024
60 2024
61 2024
53 2025
62 2024
54 2025
63 2024
55 2025
56 2025
57 2025
58 2025
59 2025
60 2025
61 2025
62 2025
63 2025
48 2016
49 2016
50 2016
51 2016
48 2017
52 2016
49 2017
53 2016
54 2016
55 2016
56 2016
57 2016
58 2016
59 2016
60 2016
61 2016
50 2017
62 2016
63 2016
51 2017
52 2017
53 2017
54 2017
55 2017
56 2017
57 2017
58 2017
59 2017
60 2017
61 2017
62 2017
63 2017
48 2018
48 2019
49 2018
50 2018
49 2019
50 2019
51 2019
51 2018
52 2018
52 2019
53 2019
53 2018
54 2018
55 2018
56 2018
57 2018
58 2018
59 2018
60 2018
61 2018
62 2018
63 2018
54 2019
55 2019
56 2019
57 2019
58 2019
59 2019
60 2019
61 2019
62 2019
63 2019
48 2020
48 2021
49 2020
50 2020
49 2021
50 2021
51 2020
51 2021
52 2021
53 2021
52 2020
53 2020
54 2020
54 2021
55 2020
55 2021
56 2020
57 2020
58 2020
59 2020
60 2020
61 2020
62 2020
63 2020
56 2021
57 2021
58 2021
59 2021
60 2021
61 2021
62 2021
63 2021
48 2022
49 2022
48 2023
50 2022
49 2023
51 2022
50 2023
51 2023
52 2022
53 2022
52 2023
53 2023
54 2022
55 2022
54 2023
55 2023
56 2022
57 2022
58 2022
59 2022
60 2022
56 2023
57 2023
58 2023
61 2022
62 2022
63 2022
59 2023
60 2023
61 2023
62 2023
63 2023
32 2021
32 2020
33 2020
33 2021
34 2020
34 2021
35 2020
36 2020
35 2021
36 2021
37 2021
38 2021
39 2021
37 2020
40 2021
38 2020
39 2020
41 2021
40 2020
41 2020
42 2021
43 2021
42 2020
43 2020
44 2021
44 2020
45 2021
45 2020
46 2020
46 2021
47 2021
47 2020
32 2018
32 2019
33 2018
34 2018
33 2019
35 2018
36 2018
37 2018
38 2018
39 2018
40 2018
34 2019
35 2019
41 2018
36 2019
42 2018
37 2019
43 2018
44 2018
45 2018
46 2018
38 2019
39 2019
47 2018
40 2019
41 2019
42 2019
43 2019
44 2019
45 2019
46 2019
47 2019
32 2016
32 2017
33 2017
33 2016
34 2016
35 2016
34 2017
36 2016
35 2017
37 2016
36 2017
37 2017
38 2016
38 2017
39 2017
40 2017
39 2016
40 2016
41 2016
42 2016
41 2017
43 2016
44 2016
45 2016
46 2016
47 2016
42 2017
43 2017
44 2017
45 2017
46 2017
47 2017
32 2024
33 2024
32 2025
33 2025
34 2024
34 2025
35 2025
35 2024
36 2024
37 2024
38 2024
36 2025
37 2025
39 2024
38 2025
40 2024
41 2024
39 2025
42 2024
43 2024
44 2024
40 2025
45 2024
46 2024
41 2025
47 2024
42 2025
43 2025
44 2025
45 2025
46 2025
47 2025
32 2022
32 2023
33 2023
33 2022
34 2023
34 2022
35 2022
35 2023
36 2022
36 2023
37 2022
37 2023
38 2023
38 2022
39 2023
39 2022
40 2023
40 2022
41 2022
41 2023
42 2023
42 2022
43 2022
43 2023
44 2023
44 2022
45 2022
46 2022
47 2022
45 2023
46 2023
47 2023
32 2027
33 2027
32 2026
33 2026
34 2027
34 2026
35 2027
35 2026
36 2027
36 2026
37 2027
37 2026
38 2026
38 2027
39 2027
39 2026
40 2026
41 2026
40 2027
42 2026
41 2027
43 2026
44 2026
45 2026
46 2026
47 2026
42 2027
43 2027
44 2027
45 2027
46 2027
47 2027
32 2028
33 2028
34 2028
35 2028
36 2028
37 2028
32 2029
38 2028
39 2028
33 2029
34 2029
40 2028
41 2028
35 2029
42 2028
36 2029
43 2028
44 2028
45 2028
37 2029
38 2029
46 2028
47 2028
39 2029
40 2029
41 2029
42 2029
43 2029
44 2029
45 2029
46 2029
47 2029
32 2030
32 2031
33 2030
34 2030
33 2031
35 2030
36 2030
34 2031
35 2031
36 2031
37 2030
37 2031
38 2030
38 2031
39 2030
40 2030
41 2030
42 2030
43 2030
39 2031
44 2030
45 2030
40 2031
41 2031
42 2031
46 2030
47 2030
43 2031
44 2031
45 2031
46 2031
47 2031
32 2038
33 2038
32 2039
34 2038
35 2038
36 2038
37 2038
33 2039
38 2038
34 2039
39 2038
40 2038
41 2038
42 2038
35 2039
43 2038
44 2038
45 2038
36 2039
46 2038
47 2038
37 2039
38 2039
39 2039
40 2039
41 2039
42 2039
43 2039
44 2039
45 2039
46 2039
47 2039
32 2034
32 2035
33 2034
34 2034
33 2035
35 2034
34 2035
36 2034
37 2034
35 2035
38 2034
36 2035
37 2035
38 2035
39 2035
40 2035
39 2034
40 2034
41 2034
42 2034
43 2034
44 2034
41 2035
45 2034
46 2034
47 2034
42 2035
43 2035
44 2035
45 2035
46 2035
47 2035
32 2036
32 2037
33 2036
33 2037
34 2037
35 2037
36 2037
34 2036
35 2036
36 2036
37 2036
38 2036
39 2036
37 2037
40 2036
41 2036
38 2037
42 2036
43 2036
39 2037
44 2036
40 2037
41 2037
45 2036
46 2036
47 2036
42 2037
43 2037
44 2037
45 2037
46 2037
47 2037
32 2032
32 2033
33 2032
33 2033
34 2032
35 2032
36 2032
37 2032
38 2032
39 2032
40 2032
41 2032
42 2032
34 2033
35 2033
43 2032
44 2032
45 2032
36 2033
46 2032
47 2032
37 2033
38 2033
39 2033
40 2033
41 2033
42 2033
43 2033
44 2033
45 2033
46 2033
47 2033
32 2043
32 2042
33 2042
34 2042
35 2042
36 2042
37 2042
38 2042
39 2042
33 2043
40 2042
41 2042
34 2043
35 2043
36 2043
42 2042
43 2042
44 2042
37 2043
45 2042
38 2043
46 2042
47 2042
39 2043
40 2043
41 2043
42 2043
43 2043
44 2043
45 2043
46 2043
47 2043
32 2045
32 2044
33 2044
34 2044
35 2044
36 2044
33 2045
37 2044
38 2044
39 2044
40 2044
41 2044
42 2044
43 2044
44 2044
34 2045
45 2044
46 2044
35 2045
36 2045
47 2044
37 2045
38 2045
39 2045
40 2045
41 2045
42 2045
43 2045
44 2045
45 2045
46 2045
47 2045
32 2046
33 2046
34 2046
32 2047
35 2046
36 2046
33 2047
37 2046
34 2047
38 2046
39 2046
40 2046
41 2046
35 2047
42 2046
36 2047
43 2046
44 2046
37 2047
45 2046
38 2047
46 2046
39 2047
47 2046
40 2047
41 2047
42 2047
43 2047
44 2047
45 2047
46 2047
47 2047
32 2040
32 2041
33 2040
34 2040
35 2040
33 2041
36 2040
34 2041
35 2041
37 2040
38 2040
39 2040
40 2040
41 2040
42 2040
43 2040
44 2040
36 2041
45 2040
46 2040
47 2040
37 2041
38 2041
39 2041
40 2041
41 2041
42 2041
43 2041
44 2041
45 2041
46 2041
47 2041
16 2034
16 2035
17 2034
18 2034
19 2034
20 2034
21 2034
22 2034
17 2035
23 2034
24 2034
25 2034
26 2034
18 2035
27 2034
28 2034
19 2035
29 2034
30 2034
31 2034
20 2035
21 2035
22 2035
23 2035
24 2035
25 2035
26 2035
27 2035
28 2035
29 2035
30 2035
31 2035
16 2032
17 2032
18 2032
19 2032
20 2032
21 2032
22 2032
23 2032
16 2033
24 2032
17 2033
18 2033
25 2032
19 2033
26 2032
27 2032
28 2032
29 2032
30 2032
31 2032
20 2033
21 2033
22 2033
23 2033
24 2033
25 2033
26 2033
27 2033
28 2033
29 2033
30 2033
31 2033
16 2046
16 2047
17 2046
18 2046
17 2047
19 2046
18 2047
20 2046
19 2047
20 2047
21 2046
22 2046
23 2046
24 2046
25 2046
21 2047
26 2046
27 2046
28 2046
29 2046
30 2046
22 2047
31 2046
23 2047
24 2047
25 2047
26 2047
27 2047
28 2047
29 2047
30 2047
31 2047
16 2036
16 2037
17 2036
18 2036
19 2036
20 2036
21 2036
22 2036
17 2037
18 2037
23 2036
24 2036
25 2036
26 2036
27 2036
28 2036
19 2037
29 2036
30 2036
20 2037
21 2037
31 2036
22 2037
23 2037
24 2037
25 2037
26 2037
27 2037
28 2037
29 2037
30 2037
31 2037
16 2044
16 2045
17 2044
18 2044
19 2044
20 2044
17 2045
21 2044
22 2044
23 2044
24 2044
25 2044
26 2044
27 2044
28 2044
18 2045
29 2044
30 2044
31 2044
19 2045
20 2045
21 2045
22 2045
23 2045
24 2045
25 2045
26 2045
27 2045
28 2045
29 2045
30 2045
31 2045
16 2040
17 2040
16 2041
17 2041
18 2040
19 2040
18 2041
19 2041
20 2040
20 2041
21 2041
22 2041
21 2040
22 2040
23 2041
23 2040
24 2040
25 2040
26 2040
24 2041
27 2040
28 2040
29 2040
30 2040
25 2041
31 2040
26 2041
27 2041
28 2041
29 2041
30 2041
31 2041
16 2039
16 2038
17 2039
18 2039
19 2039
20 2039
17 2038
21 2039
22 2039
18 2038
23 2039
19 2038
24 2039
25 2039
20 2038
21 2038
26 2039
27 2039
22 2038
28 2039
23 2038
24 2038
29 2039
30 2039
31 2039
25 2038
26 2038
27 2038
28 2038
29 2038
30 2038
31 2038
16 2043
16 2042
17 2042
18 2042
19 2042
17 2043
20 2042
18 2043
21 2042
19 2043
22 2042
23 2042
24 2042
25 2042
26 2042
20 2043
27 2042
21 2043
22 2043
23 2043
28 2042
24 2043
25 2043
29 2042
30 2042
31 2042
26 2043
27 2043
28 2043
29 2043
30 2043
31 2043
16 2016
17 2016
18 2016
19 2016
16 2017
20 2016
17 2017
21 2016
18 2017
22 2016
23 2016
19 2017
20 2017
24 2016
21 2017
25 2016
22 2017
23 2017
24 2017
26 2016
25 2017
27 2016
28 2016
29 2016
30 2016
31 2016
26 2017
27 2017
28 2017
29 2017
30 2017
31 2017
16 2027
17 2027
16 2026
18 2027
17 2026
18 2026
19 2026
20 2026
21 2026
22 2026
23 2026
24 2026
19 2027
25 2026
20 2027
26 2026
21 2027
22 2027
27 2026
28 2026
29 2026
23 2027
30 2026
31 2026
24 2027
25 2027
26 2027
27 2027
28 2027
29 2027
30 2027
31 2027
16 2031
16 2030
17 2030
18 2030
19 2030
20 2030
17 2031
21 2030
22 2030
18 2031
23 2030
19 2031
24 2030
25 2030
26 2030
20 2031
21 2031
27 2030
28 2030
29 2030
22 2031
30 2030
23 2031
31 2030
24 2031
25 2031
26 2031
27 2031
28 2031
29 2031
30 2031
31 2031
16 2018
17 2018
16 2019
18 2018
17 2019
18 2019
19 2019
19 2018
20 2018
21 2018
22 2018
23 2018
20 2019
21 2019
24 2018
25 2018
22 2019
26 2018
23 2019
24 2019
27 2018
28 2018
29 2018
25 2019
30 2018
26 2019
31 2018
27 2019
28 2019
29 2019
30 2019
31 2019
16 2020
16 2021
17 2020
18 2020
17 2021
18 2021
19 2020
20 2020
21 2020
22 2020
23 2020
19 2021
24 2020
25 2020
20 2021
21 2021
22 2021
26 2020
23 2021
27 2020
24 2021
28 2020
29 2020
25 2021
26 2021
30 2020
27 2021
28 2021
31 2020
29 2021
30 2021
31 2021
16 2022
16 2023
17 2023
17 2022
18 2023
19 2023
18 2022
20 2023
21 2023
22 2023
19 2022
20 2022
21 2022
23 2023
22 2022
24 2023
23 2022
24 2022
25 2023
26 2023
27 2023
25 2022
28 2023
26 2022
29 2023
27 2022
28 2022
29 2022
30 2023
31 2023
30 2022
31 2022
16 2028
16 2029
17 2028
18 2028
19 2028
17 2029
18 2029
19 2029
20 2029
20 2028
21 2029
21 2028
22 2028
23 2028
24 2028
25 2028
26 2028
27 2028
28 2028
29 2028
30 2028
31 2028
22 2029
23 2029
24 2029
25 2029
26 2029
27 2029
28 2029
29 2029
30 2029
31 2029
16 2024
16 2025
17 2024
18 2024
17 2025
19 2024
20 2024
18 2025
21 2024
19 2025
22 2024
23 2024
20 2025
24 2024
25 2024
26 2024
27 2024
21 2025
28 2024
29 2024
22 2025
23 2025
30 2024
31 2024
24 2025
25 2025
26 2025
27 2025
28 2025
29 2025
30 2025
31 2025
0 2026
1 2026
0 2027
2 2026
3 2026
4 2026
5 2026
6 2026
7 2026
8 2026
9 2026
10 2026
11 2026
12 2026
1 2027
13 2026
14 2026
15 2026
2 2027
3 2027
4 2027
5 2027
6 2027
7 2027
8 2027
9 2027
10 2027
11 2027
12 2027
13 2027
14 2027
15 2027
0 2024
0 2025
1 2024
1 2025
2 2024
2 2025
3 2024
4 2024
5 2024
6 2024
3 2025
7 2024
8 2024
4 2025
9 2024
10 2024
11 2024
5 2025
12 2024
6 2025
13 2024
14 2024
15 2024
7 2025
8 2025
9 2025
10 2025
11 2025
12 2025
13 2025
14 2025
15 2025
0 2018
1 2018
2 2018
0 2019
1 2019
3 2018
4 2018
5 2018
2 2019
6 2018
3 2019
7 2018
8 2018
9 2018
10 2018
11 2018
4 2019
12 2018
5 2019
13 2018
14 2018
15 2018
6 2019
7 2019
8 2019
9 2019
10 2019
11 2019
12 2019
13 2019
14 2019
15 2019
0 2020
0 2021
1 2021
1 2020
2 2020
3 2020
4 2020
2 2021
5 2020
3 2021
6 2020
7 2020
4 2021
8 2020
5 2021
6 2021
9 2020
10 2020
11 2020
12 2020
7 2021
13 2020
14 2020
8 2021
15 2020
9 2021
10 2021
11 2021
12 2021
13 2021
14 2021
15 2021
0 2022
1 2022
0 2023
2 2022
1 2023
3 2022
4 2022
5 2022
2 2023
6 2022
7 2022
3 2023
4 2023
8 2022
5 2023
6 2023
9 2022
7 2023
8 2023
9 2023
10 2023
10 2022
11 2022
11 2023
12 2022
12 2023
13 2022
14 2022
15 2022
13 2023
14 2023
15 2023
0 2030
1 2030
2 2030
3 2030
4 2030
5 2030
6 2030
0 2031
7 2030
8 2030
9 2030
10 2030
11 2030
12 2030
1 2031
13 2030
14 2030
15 2030
2 2031
3 2031
4 2031
5 2031
6 2031
7 2031
8 2031
9 2031
10 2031
11 2031
12 2031
13 2031
14 2031
15 2031
0 2017
0 2016
1 2016
1 2017
2 2016
2 2017
3 2016
4 2016
5 2016
3 2017
6 2016
7 2016
4 2017
5 2017
6 2017
8 2016
9 2016
10 2016
11 2016
12 2016
13 2016
7 2017
14 2016
8 2017
9 2017
15 2016
10 2017
11 2017
12 2017
13 2017
14 2017
15 2017
0 2028
0 2029
1 2029
1 2028
2 2029
2 2028
3 2028
3 2029
4 2028
5 2028
4 2029
6 2028
7 2028
5 2029
6 2029
8 2028
7 2029
9 2028
10 2028
11 2028
12 2028
8 2029
13 2028
9 2029
14 2028
15 2028
10 2029
11 2029
12 2029
13 2029
14 2029
15 2029
0 2042
0 2043
1 2042
2 2042
3 2042
4 2042
5 2042
6 2042
1 2043
7 2042
8 2042
9 2042
2 2043
10 2042
11 2042
12 2042
13 2042
14 2042
15 2042
3 2043
4 2043
5 2043
6 2043
7 2043
8 2043
9 2043
10 2043
11 2043
12 2043
13 2043
14 2043
15 2043
0 2044
0 2045
1 2044
2 2044
3 2044
4 2044
1 2045
5 2044
2 2045
3 2045
6 2044
7 2044
8 2044
4 2045
5 2045
9 2044
10 2044
6 2045
7 2045
11 2044
12 2044
13 2044
8 2045
14 2044
15 2044
9 2045
10 2045
11 2045
12 2045
13 2045
14 2045
15 2045
0 2046
1 2046
2 2046
0 2047
1 2047
3 2046
4 2046
2 2047
5 2046
6 2046
7 2046
3 2047
8 2046
9 2046
10 2046
11 2046
12 2046
13 2046
4 2047
14 2046
5 2047
15 2046
6 2047
7 2047
8 2047
9 2047
10 2047
11 2047
12 2047
13 2047
14 2047
15 2047
0 2033
0 2032
1 2032
1 2033
2 2032
3 2032
4 2032
5 2032
6 2032
7 2032
8 2032
2 2033
3 2033
9 2032
4 2033
10 2032
11 2032
12 2032
13 2032
14 2032
15 2032
5 2033
6 2033
7 2033
8 2033
9 2033
10 2033
11 2033
12 2033
13 2033
14 2033
15 2033
0 2041
0 2040
1 2040
2 2040
3 2040
4 2040
5 2040
6 2040
1 2041
2 2041
7 2040
3 2041
8 2040
4 2041
9 2040
5 2041
10 2040
6 2041
11 2040
12 2040
13 2040
7 2041
8 2041
9 2041
10 2041
14 2040
15 2040
11 2041
12 2041
13 2041
14 2041
15 2041
0 2037
0 2036
1 2036
2 2036
1 2037
3 2036
2 2037
4 2036
3 2037
5 2036
6 2036
7 2036
8 2036
9 2036
4 2037
10 2036
11 2036
12 2036
13 2036
14 2036
5 2037
15 2036
6 2037
7 2037
8 2037
9 2037
10 2037
11 2037
12 2037
13 2037
14 2037
15 2037
0 2039
1 2039
2 2039
0 2038
1 2038
2 2038
3 2038
4 2038
5 2038
6 2038
7 2038
8 2038
3 2039
4 2039
9 2038
10 2038
5 2039
6 2039
11 2038
12 2038
13 2038
14 2038
15 2038
7 2039
8 2039
9 2039
10 2039
11 2039
12 2039
13 2039
14 2039
15 2039
0 2034
0 2035
1 2034
1 2035
2 2034
3 2034
4 2034
2 2035
3 2035
4 2035
5 2034
6 2034
5 2035
7 2034
8 2034
9 2034
10 2034
11 2034
12 2034
6 2035
13 2034
7 2035
14 2034
15 2034
8 2035
9 2035
10 2035
11 2035
12 2035
13 2035
14 2035
15 2035
Done with operations, begin image encoding!
Time Taken for computation: 5.87454 sec
The image has been generated and is named as JuliaCPU.png
Time Taken for image encoding: 5874.54 milli-sec
